Австрия 875 1400 2000 2500 450
Албания 1500 2500 3500 5000 1500
Англия 1500 2500 3500 4300 600
Андорра 1050 1650 2200 2700 450
Бельгия 900 1400 1900 2350 400
Болгария 1000 1500 2000 2500 450
Босния 1500 2500 3500 4400 800
Венгрия 900 1400 1900 2450 400
Германия 850 1350 1850 2300 400
Голландия 850 1350 1850 2300 400
Греция 1200 1900 2600 3200 500
Дания 1500 2200 2900 3500 500
Ирландия 1500 2200 2900 3500 500
Исландия 2000 3500 5000 6500 1500
Испания  1000 1600 2200 2800 500
Италия  1000 1600 2200 2800 500
ИзраильАвиа 1700 2700 3700 0 0
Кипр 1500 2400 3300 4100 700
Латвия 700 1200 1700 2100 300
Литва 700 1200 1700 2100 300
Лихтенштейн 900 1350 1850 2300 400
Люксембург 900 1350 1850 2300 400
Македония 1500 2200 3000 3800 700
Мальта 1500 2200 2900 3600 600
Монако 1000 1600 2200 2700 500
Норвегия 1500 2400 3300 4150 650
Польша 800 1300 1800 2200 400
Португалия 1250 1850 2500 3100 500
Румыния 900 1400 1900 2350 400
Сербия 1100 1800 2600 3300 600
Словакия 900 1400 1950 2350 400
Словения 900 1400 1950 2350 400
Финляндия 700 1200 1700 2200 350
Франция 1000 1600 2200 2700 450
Хорватия 900 1400 1900 2400 400
Черногория 1500 2200 2900 3600 600
Чехия 800 1350 1800 2200 400
Швейцария 1500 2300 3100 3900 700
Швеция 1100 1700 2300 2800 450
Эстония 700 1200 1700 2100 300