Литва	2000	2200	2500	2400
Польша	2500	2700	3000	2900
Словакия	3200	3400	3700	3600
Чехия	3000	3200	3500	3400
Венгрия	3200	3400	3700	3600
Германия	3000	3200	3500	3400
Австрия	3200	3400	3700	3600
ИталияCевер	3500	3700	4000	3900
ИталияЮг	4000	4200	4500	4400
ИспанияДоБарселоны	4500	4700	5000	4900
ИспанияМалага	5000	5200	5500	5400
Португалия	6000	6200	6500	6400
Франция 	3500	3700	4000	3900
Болгария	3500	3700	4000	3900
Румыния	3500	3700	4000	3900
Турция(автовозДоБолгарии)	3500	3700	4000	3900
Турция(перегон)	4200	4400	4700	4300
Сербия(перегон)	3000	3200	3500	3400
Черногория(перегон)	3500	3700	4000	3900
ГрецияСолоники 5500	5700	6000	5900
ГрецияАфины	6500	6700	7000	6900
Хельсинки	3000	3200	3500	3400